0.000000 0.500000
-0.000000 0.500000
-0.000000 0.500000
-0.000000 0.500000
-0.000000 0.500000
-0.000000 0.500000
-0.000000 0.500000
-0.000000 0.500000
-0.000000 0.500000
-0.000000 0.500000
0.000000 0.500000
0.000000 0.500000
0.000000 0.500000
0.000000 0.500000
0.000000 0.500000
0.000000 0.500000
0.000000 0.500000
0.000000 0.500000
0.000000 0.500000
0.000000 0.500000
0.000000 0.482963
0.039990 0.482963
0.076065 0.482963
0.104695 0.482963
0.123076 0.482963
0.129410 0.482963
0.123076 0.482963
0.104695 0.482963
0.076065 0.482963
0.039990 0.482963
-0.000000 0.482963
-0.039990 0.482963
-0.076065 0.482963
-0.104695 0.482963
-0.123076 0.482963
-0.129410 0.482963
-0.123076 0.482963
-0.104695 0.482963
-0.076065 0.482963
-0.039990 0.482963
0.000000 0.433013
0.077254 0.433013
0.146946 0.433013
0.202254 0.433013
0.237764 0.433013
0.250000 0.433013
0.237764 0.433013
0.202254 0.433013
0.146946 0.433013
0.077254 0.433013
-0.000000 0.433013
-0.077254 0.433013
-0.146946 0.433013
-0.202254 0.433013
-0.237764 0.433013
-0.250000 0.433013
-0.237764 0.433013
-0.202254 0.433013
-0.146946 0.433013
-0.077254 0.433013
0.000000 0.353553
0.109254 0.353553
0.207813 0.353553
0.286031 0.353553
0.336249 0.353553
0.353553 0.353553
0.336249 0.353553
0.286031 0.353553
0.207813 0.353553
0.109254 0.353553
-0.000000 0.353553
-0.109254 0.353553
-0.207814 0.353553
-0.286031 0.353553
-0.336249 0.353553
-0.353553 0.353553
-0.336249 0.353553
-0.286031 0.353553
-0.207813 0.353553
-0.109254 0.353553
0.000000 0.250000
0.133808 0.250000
0.254518 0.250000
0.350315 0.250000
0.411820 0.250000
0.433013 0.250000
0.411820 0.250000
0.350315 0.250000
0.254518 0.250000
0.133808 0.250000
-0.000000 0.250000
-0.133808 0.250000
-0.254519 0.250000
-0.350315 0.250000
-0.411820 0.250000
-0.433013 0.250000
-0.411820 0.250000
-0.350315 0.250000
-0.254519 0.250000
-0.133808 0.250000
0.000000 0.129410
0.149244 0.129410
0.283878 0.129410
0.390725 0.129410
0.459325 0.129410
0.482963 0.129410
0.459325 0.129410
0.390725 0.129410
0.283878 0.129410
0.149244 0.129410
-0.000000 0.129410
-0.149244 0.129410
-0.283879 0.129410
-0.390725 0.129410
-0.459325 0.129410
-0.482963 0.129410
-0.459325 0.129410
-0.390725 0.129410
-0.283879 0.129410
-0.149244 0.129410
0.000000 0.000000
0.154509 0.000000
0.293893 0.000000
0.404509 0.000000
0.475528 0.000000
0.500000 0.000000
0.475528 0.000000
0.404509 0.000000
0.293893 0.000000
0.154509 0.000000
-0.000000 0.000000
-0.154508 0.000000
-0.293893 0.000000
-0.404509 0.000000
-0.475528 0.000000
-0.500000 0.000000
-0.475528 0.000000
-0.404509 0.000000
-0.293893 0.000000
-0.154508 0.000000
0.000000 -0.129410
0.149244 -0.129410
0.283878 -0.129410
0.390725 -0.129410
0.459325 -0.129410
0.482963 -0.129410
0.459325 -0.129410
0.390725 -0.129410
0.283878 -0.129410
0.149244 -0.129410
-0.000000 -0.129410
-0.149244 -0.129410
-0.283879 -0.129410
-0.390725 -0.129410
-0.459325 -0.129410
-0.482963 -0.129410
-0.459325 -0.129410
-0.390725 -0.129410
-0.283879 -0.129410
-0.149244 -0.129410
0.000000 -0.250000
0.133808 -0.250000
0.254518 -0.250000
0.350315 -0.250000
0.411820 -0.250000
0.433013 -0.250000
0.411820 -0.250000
0.350315 -0.250000
0.254518 -0.250000
0.133808 -0.250000
-0.000000 -0.250000
-0.133808 -0.250000
-0.254519 -0.250000
-0.350315 -0.250000
-0.411820 -0.250000
-0.433013 -0.250000
-0.411820 -0.250000
-0.350315 -0.250000
-0.254519 -0.250000
-0.133808 -0.250000
0.000000 -0.353553
0.109254 -0.353553
0.207813 -0.353553
0.286031 -0.353553
0.336249 -0.353553
0.353553 -0.353553
0.336249 -0.353553
0.286031 -0.353553
0.207813 -0.353553
0.109254 -0.353553
-0.000000 -0.353553
-0.109254 -0.353553
-0.207814 -0.353553
-0.286031 -0.353553
-0.336249 -0.353553
-0.353553 -0.353553
-0.336249 -0.353553
-0.286031 -0.353553
-0.207813 -0.353553
-0.109254 -0.353553
0.000000 -0.433013
0.077254 -0.433013
0.146946 -0.433013
0.202254 -0.433013
0.237764 -0.433013
0.250000 -0.433013
0.237764 -0.433013
0.202254 -0.433013
0.146946 -0.433013
0.077254 -0.433013
-0.000000 -0.433013
-0.077254 -0.433013
-0.146946 -0.433013
-0.202254 -0.433013
-0.237764 -0.433013
-0.250000 -0.433013
-0.237764 -0.433013
-0.202254 -0.433013
-0.146946 -0.433013
-0.077254 -0.433013
0.000000 -0.482963
0.039990 -0.482963
0.076065 -0.482963
0.104695 -0.482963
0.123076 -0.482963
0.129410 -0.482963
0.123076 -0.482963
0.104695 -0.482963
0.076065 -0.482963
0.039990 -0.482963
-0.000000 -0.482963
-0.039990 -0.482963
-0.076065 -0.482963
-0.104695 -0.482963
-0.123076 -0.482963
-0.129410 -0.482963
-0.123076 -0.482963
-0.104695 -0.482963
-0.076065 -0.482963
-0.039990 -0.482963
